weights{1} = [1.5709397618619332,0.9043050722348245,-2.0935696550918887,-0.024782887695563943,3.67129036745957,-1.7361057153921986,
2.9624735950901275,-4.302493521984452,-0.6459967646125526,0.47493674067839453,-0.04037557847570369,-3.2757021771413095,
3.287021326032104,1.233786646234255,-2.7872494943639037,-3.5951712078068603,-2.7917043376027073,-1.4811077567624666,
1.376742794966391,1.7357540804448657,4.311776702943428,1.6550813712937256,-4.281039058225231,-3.80593419003414,
-1.499155550473024,-1.2571139551763606,-1.0112436540654595,-3.7922919297267885,-3.4428643705148976,-0.42877215091871057,
4.3715491028202695,3.4005215016032393,0.5800262008902773,1.6029511627437687,-1.492002324739711,-1.1451023418920632,
-2.6031493181070253,2.1605263740323335,0.9048991592037428,2.4701501575998943,-1.4351572013116054,-2.0071113424334137,
-2.2308481905976194,2.0400427882344054,0.9121816859450296,1.857940150689911,-0.28073388644734415,-0.05318354314766667,
0.959030072611291,3.3597211421884703,3.006594487560063,-1.7455689374457788,-1.3218240727629842,2.8056820629077777,
0.7245308142768765,2.8122415232694666,4.31794661529987,2.3938462823974396,-2.4404814090280285,-1.5195066529219803,
];

weights{2} = [-2.483584231224038,-0.3251681097635129,-2.948463516792736,2.6033353751091206,-2.252395047218609,-0.7215733394298468,-0.5363140766524929,-1.3817716438314773,3.9294132532338435,-0.4631938317759441,
];

biases{1} = [
-1.6678349454878771,-0.6697620077232769,0.4172996427629238,-2.2159088469862773,-1.1841321364262791,0.36463344613168425,1.2313177823008656,2.2996422040160587,0.1130418679414074,-1.8049371064272983,];

biases{2} = [
-0.07335342540221709,];

control_constant = 6.5615396;
