weights{1} = [1.3485147370803658,2.7032163962909115,-4.527634811019347,0.9935932200841261,-2.9524783345345513,-2.7939130120528244,
-3.3348739741943083,-0.42022657715454986,-2.18465074239393,-3.918689308641148,-2.0289886107297432,1.6585459363231778,
4.599329476455556,-2.007985239109497,3.524472826681042,-3.9074432531343546,4.121742935666931,3.904133945493484,
2.2715926790892733,-0.5157206744323194,3.2006782641006355,-4.187658279899455,-3.5481513722289577,-0.5150326031237649,
0.3345425691982497,-3.6685648436077747,-4.315865591926077,1.1516806885364745,-4.210276797902667,-2.2412116944082574,
-1.3768631750165028,-1.813170958520201,3.621160212841011,-2.5929416428857435,2.700158114660592,-2.2655444712325927,
3.3410818791609955,0.8026812335134923,3.5059890945806207,2.6759146688862248,-1.0623361341564532,4.616195078911994,
0.053413181721663205,1.0580214915272181,-3.489699406959408,-0.16441896208972268,0.8201562447229087,4.106089503882852,
3.1550524284412873,1.1328736136029989,-2.900324829945915,-1.5375964018289752,3.521408801642818,0.6481114825718775,
-4.699956488643579,-1.8012766733712877,-0.7587331692434351,1.783813200037121,4.5423743666025365,-3.3873265833341373,
];

weights{2} = [-2.9267074322640454,-4.525997718618686,-0.957617355762983,2.947653757007143,-3.4225183482970727,4.45992845966941,2.3375556372984527,2.9880355280815585,-3.345918186508645,-3.141439594609838,
];

biases{1} = [
-0.1037676357320553,-1.4608501014404731,-0.8514404622681516,-2.957823696945912,0.5713400277305059,-1.7206303556363276,1.497518799982191,3.2323435889878755,2.381787448995295,-0.20280482565962946,];

biases{2} = [
1.174189987857076,];

control_constant = 5.613123;
