weights{1} = [-0.7463770467677309,3.565200543025365,2.5564608900309023,-0.4699991618696554,-3.066547621570414,2.9695299044117833,
-0.3790516179921184,3.6437472260460773,-0.03716189344561516,-2.0807763648155766,-4.370653170002028,3.0621304754105974,
2.0710064700179185,-3.7383915560299803,2.1515728123645066,2.6167955455846177,-4.777135315163242,-1.1209878268428486,
0.08702552742385142,-0.4030250445936299,0.9496642720268131,1.440909308343535,0.6719553189828142,-2.0340621763153,
0.6643002084352878,1.511301888431903,0.6859775011646232,-0.4759155300713645,0.6749460612170382,3.9420041022167,
3.042413935852913,-0.4006339268943661,-1.8623919213811788,-1.9635799266494387,-3.523333727191998,2.3973643963600653,
0.5853353782606583,-3.8043599465407425,0.9333893510555404,2.5310656205762303,1.7841603371004804,-3.338856943656827,
-3.152765713530912,-1.3237827083517273,-2.774647357404248,-3.4106494627469974,-1.2575851557404725,2.3203658574327726,
-2.5074639520623974,3.821795282144001,-2.0200665775348035,-3.7622998230172007,4.36512577739896,-2.082910525838212,
-2.5938123221979654,4.686363570461728,-4.861570047633034,3.3901451726416956,-1.2032583976539521,0.919717207685637,
];

weights{2} = [-4.745889404887077,-3.9833943907580744,2.6776129455115005,2.385027903688503,0.09595105578468667,-1.2388719569473634,-0.9373087061120831,-2.9098654280430813,2.3039009440076637,0.6702699480393229,
];

biases{1} = [
1.704359572428515,1.168384926661823,-0.39415106702437047,2.7541871693358058,-0.8414157165626022,1.1772823794748353,-2.3389143947600477,1.041116132603745,0.7194352355767966,1.7682847364729843,];

biases{2} = [
0.634407810740579,];

control_constant = 12.290058;
