weights{1} = [0.9433333115792639,2.7080793254538005,-4.598981657877195,0.9506336611673495,-2.8180383874685377,-2.8378760393131173,
-2.9474517571240026,-0.25623064128581413,-2.248257327701788,-3.9498370698380567,-1.8522411992042085,1.840554443923407,
4.203761617279391,-1.481102037296,3.5315352493823875,-3.755382292029182,4.311066498617688,4.0093588508348175,
2.2924309246089756,-0.7620791125877402,3.5360895704579574,-4.158696683804495,-3.644694256452744,-0.3114431515128493,
0.6447884266930478,-3.549483067742142,-4.412268857957843,1.454593584604058,-4.238896079409985,-1.8063144793027206,
-1.2788439658258857,-2.1052579964196596,3.79969450182402,-2.432233277346736,2.439874566066102,-2.296970381379863,
3.418949432842754,0.6817821494854681,3.23223689065498,2.6681377442876837,-0.6650809228201889,4.485801924427991,
-0.25157209211266407,0.808136492316862,-3.5345496922288007,-0.4484033928808021,0.6616187730176822,4.249028622351711,
2.998974642758059,0.7362172607563965,-2.9028056745536874,-1.713381277049512,3.684172708768818,0.5785799740014812,
-4.670315110507826,-1.794855600775755,-0.6349479620535197,1.6685224386993176,4.445225483246825,-3.3224457824741176,
];

weights{2} = [-2.9353241035748967,-4.014509595311681,-0.6527077332262187,3.121273982564688,-3.3724904195955934,4.701879705414703,2.553213179591025,3.2701697162960635,-3.6957129906947244,-3.1884216884172747,
];

biases{1} = [
-0.02644225911875747,-1.4873338861591265,-0.855049415932785,-2.934731939134604,0.4180064981459261,-1.5559694413046894,1.385029728054571,3.0536929786670157,2.3988356306288843,-0.19673618467164503,];

biases{2} = [
1.2058667668316663,];

control_constant = 5.6433806;
