weights{1} = [2.196943257967949,0.8047130967761144,-1.5278752374928706,-1.0836735936741548,-0.9240243899018072,1.6204494848766788,
1.1282452985654325,0.6502826634142586,-2.584174360467759,-1.6221868715409373,-1.1768217176242264,3.7571715865922686,
-1.736821411899687,2.7104649474310096,1.611030707924664,-4.278337116631776,1.836840859835558,2.777295171040568,
0.5882263121521902,-0.04209980927866853,-5.096530162390422,3.0651917420355113,1.0044781038439592,-2.2544135595367045,
-1.8526268713044944,0.2594815778360332,-0.1410739024214563,-2.469482449601967,-2.875583617452293,-1.2198783644159938,
-2.5531375743110063,-3.206586997012767,-4.317838479759098,-3.662550438418678,-0.7851265830699447,-1.6566583159035257,
-1.5095867770390061,-1.1874135613599526,-0.3178299324966064,1.1016080320334507,-0.1946326415001316,-2.1734987770810434,
1.8753990619660814,-0.39478883529742037,4.118648400243408,-2.9467560133684527,-4.292563671253207,0.3944349249772817,
0.4837839047913547,0.2913529811274097,-0.03567227196290317,2.2410230937160565,-4.393004956277619,1.0694363855042701,
-0.4228921892595916,-0.7839814146641542,-3.8529978399865787,-0.09134859591301334,1.330112690464846,-0.2858344909843966,
];

weights{2} = [-3.112850804615495,-1.3410378887129126,2.96418945281683,-4.024898659830821,-0.37062780869937284,-0.3670529092307608,3.196066431177367,1.493526499317357,-3.651450596327397,-0.7337695851873841,
];

biases{1} = [
-2.9681714055291506,-1.570535637184806,1.546900090974587,0.5745745145984096,-1.5380975045270753,-2.6420235626638053,1.0841768252568789,-1.8127049271706839,-0.288559567059598,-0.4442431217636934,];

biases{2} = [
0.40012499288047343,];

control_constant = 11.047265;
