weights{1} = [3.168361604189154,0.19241998695498838,1.201799218975831,4.890624456533969,-4.479976906686139,4.422301301724298,
2.864165944423872,-4.029368950446267,4.386404310593264,-2.755391348201414,2.934757054112555,-0.5128205161337104,
-4.842620554761325,0.3366460994387771,-1.2081186768375072,2.797677738699,-1.0133730480588385,-0.45070903728823997,
2.194637983014295,0.4353830821910607,-0.3129291897510642,2.707242247369192,-1.5892547574787732,0.2457319200474446,
-3.1301946053359617,4.795633863650879,-3.576720264636979,-2.6673093060966324,2.370629361573356,0.9031330184321231,
-3.107522709027492,-0.2342324435267779,2.6669823997183597,-3.430455973669625,4.566536611488503,1.723237310343576,
-5.024749229752462,-3.700039644689946,1.1959829886416249,3.565154783480962,-3.7605569938729344,-1.6526496210007178,
1.945452268370157,-4.649665405465108,1.6430679627715716,4.327690840778221,-3.8081414142069665,-0.1982024372780106,
1.3496573850690723,3.3340277282657174,-4.309307762442863,-1.6564204349065625,-2.0289575781631584,1.0518820128873303,
-1.0432273512669101,2.353028570086659,-1.8815657298363342,0.05463333393167086,2.444999295655919,2.317824833611709,
];

weights{2} = [-3.0281113252292022,4.640697686822277,3.038403593814513,1.0877535968008076,1.9619485749794585,0.3704493610333015,-2.320787909722778,-2.2348924947992446,1.6955874285340449,1.8036460330687492,
];

biases{1} = [
-0.7700669729058219,0.11834517654702016,-1.7351313137264972,-3.038490773774048,-0.027020565302230935,0.09374930983094967,-2.4149260891298456,0.4741291519265597,1.3059661894438637,1.2472935981809221,];

biases{2} = [
2.7973687895382726,];

control_constant = 6.570582;
