weights{1} = [2.166334344885119,0.8099648949276308,-1.458220831255736,-1.1292052206886531,-0.9151647919834104,1.5883171701984429,
1.1044356063050818,0.5841253290930986,-2.5715324586021926,-1.6566066887326207,-1.1863228715597478,3.7218701088843993,
-1.7729630629981639,2.6930870202204207,1.6159140634191353,-4.276305366057146,1.8256152802301524,2.749913304541325,
0.5747060329060885,-0.18996197188808617,-5.135038085115095,3.0682645788269176,1.054760201972071,-2.2660279353847383,
-1.8499073739177998,0.28428410863929376,-0.14056973678757223,-2.363324988106284,-2.8886451111368467,-1.2005498591701507,
-2.571694849945005,-3.2407630228363997,-4.329535346107802,-3.8882823007075125,-0.8899902599456089,-1.6949599808706823,
-1.458287161311425,-1.1125465612718388,-0.2761945111617273,1.1070298777309782,-0.23280207111460538,-2.2018269602636096,
1.872781496506649,-0.4077958268958736,4.034386017650966,-2.995974156724442,-4.263846802918055,0.3055985575559493,
0.3763483351872677,0.27524046848205275,-0.09214515519261628,2.0445312021417594,-4.371799457555888,1.0779098931172588,
-0.45841396231652554,-0.7399928200974388,-3.860666304652929,-0.10384998597077331,1.3083317698645007,-0.344044819650536,
];

weights{2} = [-3.102932716653911,-1.3503986052123187,2.9769774036805354,-3.9628108064395224,-0.32741525597681576,-0.3263873746655677,3.2276340674370503,1.4176206345278555,-3.694659510794629,-0.7235949213876969,
];

biases{1} = [
-2.9431274834971473,-1.5692558253456976,1.484519384812879,0.5482154253244558,-1.477182033348757,-2.605741430642588,1.0693707472482954,-1.8131297261003678,-0.2906658132537429,-0.429112934347674,];

biases{2} = [
0.2601791489077245,];

control_constant = 11.095174;
