weights{1} = [0.9496510894882024,2.770556918808661,-4.591351390729669,0.48223223867882503,-3.0058660226127687,-3.097793469817253,
-2.981992659416769,-0.42428225009367504,-2.296791541202936,-3.7598979130280323,-2.0235972643310274,2.009033423112338,
4.385059321466311,-1.5484894580468809,3.5481171422824733,-3.896161024766303,4.121763652950933,4.126690407463866,
1.7897431484093067,-0.8031626795125816,3.062528483467937,-4.459769873792347,-3.436390255662089,-0.009932788814781157,
0.6682542297238948,-3.5775898590945534,-4.3364036822546685,1.285958255033749,-4.26079632679286,-1.7843604497822962,
-1.249829791512833,-2.1685895445595293,3.548664123577322,-2.6648157866230884,2.564308320963595,-2.4552722073655637,
3.329189106948676,0.43918293096680844,3.0961539713092954,2.4586125127148843,-1.3244993518891095,4.6979874326576345,
-0.12518143920211394,1.0382909038476213,-3.5606291497328875,-0.3414316538957384,0.3674160479980856,4.480467195334818,
3.1256530677127747,0.7445113256222861,-3.0535688061020796,-1.5678959778683235,3.2616727304857407,0.8679809856790999,
-4.967576685191991,-2.1383064787054544,-0.6587400596056507,1.884630640327635,4.567244086068383,-3.4868899854570037,
];

weights{2} = [-3.057952207174215,-4.327508472901984,-0.8983032739444617,2.944406242731916,-3.4140220033445137,4.5190070842439924,2.365094311356564,3.0070869459443417,-3.421889385354493,-3.15699736730547,
];

biases{1} = [
0.02177134822503888,-1.510249809926957,-0.9108092692983378,-2.8970954592658504,0.5868690462244501,-1.7743462965474348,1.4132914826099399,3.097954693248176,2.492839940193129,-0.2539196174148255,];

biases{2} = [
1.0114432084239073,];

control_constant = 5.812299;
