weights{1} = [0.7042657337785896,3.0236695246444385,-4.449144979550342,0.7943224233094381,-3.112267166068449,-2.7725689208183044,
-3.184990851854035,-0.34767078254363015,-2.2132499067810087,-3.800175370006035,-2.2051960135729454,1.8825699696699276,
4.467938068807558,-1.6462911346151574,3.1865166556267415,-4.258759728034774,4.035129326107959,4.1327799344894345,
2.081403401348954,-0.965538584855843,3.259550301697517,-4.407990639867501,-3.933549363813455,-0.2958544862918123,
1.0670057204480852,-3.747923566942128,-4.5092571471970295,1.5730274338363432,-4.488744501556758,-1.585244310774705,
-1.0961716521201788,-2.3108850058345305,3.489079220559951,-2.471435136758241,2.4973691686844006,-2.357055388094811,
3.37458831654527,0.9066269874468482,3.3997865358972206,2.605505186828699,-0.5865641814528914,4.6097246182395795,
0.07340090920281069,1.1108766810937085,-3.5250700157032338,-0.16747131362307652,0.0870634753251183,4.277965525902909,
2.8984771953589386,0.7871143465605521,-3.394798366527432,-1.7752986887127353,3.3746926890646023,0.9330675722943106,
-4.939952911442124,-1.929222560060004,-0.8316361437955129,1.6451340568679678,4.1430630696416335,-3.2192999089153127,
];

weights{2} = [-3.0986162441791114,-3.864349047290761,-0.8871212085492111,3.0773009058679928,-3.7313137918439057,4.180291554030657,2.436095240212604,3.3718619114169055,-3.3253324053646764,-3.1881926120594226,
];

biases{1} = [
-0.08202824470198603,-1.3313994786676613,-0.8835797139305528,-2.753970607944874,0.7173558638980861,-1.926427860611363,1.5377773247589404,3.246757964016496,2.3635651700746823,-0.28454407949369576,];

biases{2} = [
0.7534331765630361,];

control_constant = 5.567902;
