weights{1} = [3.464798959596548,0.17790420198086632,1.173909179919345,4.774411566846389,-4.483096654059444,4.175733567281941,
2.7759004285341935,-3.842840664403293,4.541518039031115,-2.8218192495504706,2.6529428908023367,-0.6130721613246967,
-4.774230477859007,0.5171095881834344,-1.5382053994723432,2.803469041393918,-0.9383116659934134,-0.4691657692142309,
2.3883880305020315,0.5759774959310623,-0.3255877162374523,2.517890002849647,-1.417024836827901,0.1563226104724344,
-3.068882233672422,4.76750248556608,-3.5306978629961194,-2.655730847710289,2.3734142474669517,0.7502437798440404,
-3.061736025184408,-0.18562596471359336,2.74907583381252,-3.2999042435376427,4.351473489229429,1.8113739392843806,
-4.9996990817998075,-3.8821344864724177,1.219009253511562,3.483014983658489,-3.898766314122864,-1.5695929850802404,
1.7634049449833804,-4.4316119440642385,1.6347373009570207,4.27172110029189,-3.943650870665405,-0.09455658230716472,
1.2776536164971297,3.448773264872538,-4.439734981540105,-1.7410339999025062,-1.8966701894945097,0.9146876073740078,
-0.9926527217579504,2.364914839509338,-1.6532454635734601,-0.12931312332201966,2.592156086436456,2.234083276399325,
];

weights{2} = [-3.1988028454545225,4.7407928009775615,3.031240084856833,1.0374735461910223,2.0295037323522114,0.3475402640492313,-2.4628917018760523,-2.0950951870795964,1.6799135933906582,1.9175464249700274,
];

biases{1} = [
-0.8064824357525224,0.16929045816865165,-1.702210340009376,-3.0692035631954133,0.08068536032775438,0.374314275780835,-2.3192038167219255,0.5255831773600217,1.2733087289712977,1.2370375696239504,];

biases{2} = [
2.7718926309875758,];

control_constant = 6.385265;
