weights{1} = [-1.1153380320009072,2.3713624592124427,-4.198161158065265,0.03118100240674376,4.593383157726762,-0.5761838060030309,
-2.9111538722046038,3.5114629176842493,2.5381202993840333,1.1497972578280793,0.1997359957129569,3.992744758026104,
4.453780973954856,-1.9319610182472822,-1.9608291570854106,0.39720187251460715,4.07708220969825,-4.523110681193665,
-2.45733283415469,1.9374519447602991,3.7099599116683835,-4.307413607751917,2.2308243440253888,-3.274683734556273,
-3.5175215493791376,4.783452098986769,2.363133948417889,1.9646238207477458,-1.451507632811153,1.0637879080894606,
-4.594480253922987,-1.6383588362825507,2.4884113073853347,-4.014476350698766,2.6108372872801886,-4.241326191558523,
-2.8966012801811036,3.0915799253680984,-0.7895624428899349,-4.083392236284018,-3.216027129962116,-1.578959406327886,
-1.4046675275556928,-2.3781605677259683,-3.7232255900127766,4.601082893523763,1.7719434030538515,-2.6143592093361283,
2.9133369152016444,1.1114407633986523,-2.2517189783375753,3.677404793834898,-2.170933324456313,4.527084626906072,
-4.921476594242933,-3.427673878481487,2.140989944512983,4.374759678045697,-0.4794632063172496,0.002691602815811791,
];

weights{2} = [-3.717779676100941,-0.034046151520120874,3.4381620798467063,0.6568973101695728,0.9772349601412332,3.4491770863178557,-2.103667762379213,-0.7888686469940127,2.977910100406322,-4.549451855729457,
];

biases{1} = [
0.350497753454903,-2.9462206425816877,0.155550303969796,0.16371095439429398,-2.860533379616837,-2.5331397796080437,1.5798405169534497,-1.2162002377784673,-2.435848873832016,2.6507539028166915,];

biases{2} = [
1.0376271260878884,];

control_constant = 8.375002;
