weights{1} = [1.171431215286806,2.7571185169603307,-4.241231218349495,0.2895000388224372,-3.0445999075217034,-3.206892942338917,
-3.5170363140310457,-0.32147998910761977,-2.240440520937251,-3.8642660979296815,-1.9491252219847859,1.6282712647537765,
4.301903871053087,-1.9304012725515798,3.2912538519604277,-4.6344678628323175,4.373711454652306,3.905500408509588,
2.1291527213107306,-1.4945635386365381,3.6158412687299792,-4.605946386460584,-3.2286013680895094,0.1445342251889825,
0.7331710964684206,-3.545103119124411,-4.492862236616015,1.5907648083267036,-4.125243006206256,-1.7253627162579506,
-1.1501262330183377,-1.9899780870457005,3.711419076925204,-2.5629103430603664,2.665752769437473,-2.5912210119122663,
2.9729131177292385,0.75383789593651,3.5275779130257616,2.652053232421941,-1.139442136148907,4.4618293821087445,
-0.13876832323885988,0.9456547253665956,-3.0696340353320997,-0.36775795556204005,0.4111656877955249,4.162062601900892,
2.8563995009414667,0.7962598329591839,-3.006639255865296,-1.9221727031729638,3.472838558121534,0.4561236819940393,
-4.658055567837985,-1.8799515527598483,-0.6817218905717082,1.9206257902195667,4.231928349896377,-3.41499975209272,
];

weights{2} = [-3.2340541243689502,-4.274735382863295,-1.093258945577839,2.8148858559566325,-3.299546734736031,4.757461359385207,2.4285517219136827,3.23972677420998,-3.8334695610648324,-2.976754107531908,
];

biases{1} = [
-0.23919603968122,-1.5343135880572958,-0.747562052524186,-3.018006288366285,0.2700558385924812,-1.8246776925063943,1.5893375002115138,3.264177229953067,2.5332575122327454,-0.3056009394791072,];

biases{2} = [
1.0280468969917467,];

control_constant = 5.8741417;
